
Mesh 6

0.65048; Lx = 4.1097
Eigenvalue : 0.048335+0.74989i

mean Fx : 0.69988
mean Lx : 2.6014
Mode Fy : 0.066093+1.7347e-18i
Mode AE : 1.7019
Mode omega : 0.85032

Mesh 7

2292

Fx = 0.64046; Lx = 4.0618

0.046081+0.74286i

mean Fx : 0.68924
mean Lx : 2.6188
Mode Fy : 0.063154+6.0715e-18i
Mode AE : 1.6892
Mode omega : 0.84042


Mesh 8

 Fx = 0.6459; Lx = 4.0701
 
number of vertices : 2026

0.047017+0.7479i

mean Fx : 0.69492
mean Lx : 2.6127
Mode Fy : 0.06418+8.6736e-19i
Mode AE : 1.7154
Mode omega : 0.84613

mesh 9

Fx = 0.64557; Lx = 4.0677
 
number of vertices : 2043

mean Fx : 0.69429
mean Lx : 2.6152
Mode Fy : 0.063854-3.4694e-18i
Mode AE : 1.7004
Mode omega : 0.84562